yaw: 91.893005
name: avalon
pitch: -0.30011174
z: -0.5
y: 25.0
world: avalon
x: 1.5
