yaw: 180.89023
name: caliburnus
pitch: -2.0999641
z: -576.3125
y: 99.0
world: avalon
x: 793.21875
