yaw: 0.7498586
name: devachan
pitch: -0.59996647
z: -227.5
y: 81.0
world: devachan
x: -433.5
