yaw: 272.36093
name: rapture
pitch: 9.404394
z: 600.6998322848248
y: 64.0
world: devachan
x: 27.58720332570389
