yaw: -179.85095
name: seerdane
pitch: -7.049977
z: -405.7083651513646
y: 11.0
world: nirvana
x: -1199.4596981498623
