yaw: -269.25012
name: servopolis
pitch: -5.8498945
z: -424.44292263744575
y: 65.0
world: devachan
x: -301.21641530173997
