yaw: -230.55022
name: temp
pitch: 21.150007
z: 148.94002957913722
y: 90.0
world: devachan
x: 210.51268201409906
