default:
    yaw: -0.7499399
    pitch: 0.4500151
    z: -476.53106459714775
    y: 94.0
    world: valhalla
    x: 830.4230000531513
