yaw: 0.7498595
name: nirvana
pitch: 0.9499643
z: 38.5
y: 62.0
world: nirvana
x: 145.5
