yaw: -129.90015
name: Novelties
pitch: -12.449973
z: -1230.4243258495292
y: 67.0
world: nirvana
x: 1413.442901133616
