yaw: -256.25705
name: avalon
pitch: 1.199882
z: 2.1875
y: 24.0
world: avalon
x: 5.75
