yaw: -178.73373
name: brieger
pitch: 0.14999136
z: 807.625
y: 104.0
world: devachan
x: 390.4375
