yaw: -88.95032
name: centralius
pitch: -4.5000424
z: 35.5
y: 63.0
world: centralius
x: -302.5
