yaw: -265.95007
name: heaven
pitch: 81.3
z: 118.46875
y: 68.0
world: heaven
x: 27.71875
