yaw: -201.74995
name: shangri-la
pitch: -1.3500508
z: 31.041541643686074
y: 68.0
world: shangri-la
x: -149.19121590363432
