yaw: 90.981445
name: valhalla
pitch: -4.650015
z: -50.5
y: 64.0
world: valhalla
x: 14.5
