test:
    yaw: 70.05023
    pitch: 42.15
    z: 376.7173370103469
    y: 28.0
    world: avalon
    x: -128.1069823777068
