spawns: 
  default: 
    world: shangri-la
    x: -149.30000001192093
    y: 163.1294371994186
    z: 31.67121926586405
    yaw: 2.098877
    pitch: 90.0
  operator: 
    world: valhalla
    x: 17.109090713744386
    y: 64.0
    z: 254.79091073093412
    yaw: 299.25003
    pitch: 8.850005
