spawns: 
  default: 
    world: centralius
    x: -441.56105098703944
    y: 68.0
    z: 893.3658064771105
    yaw: 180.01909
    pitch: -10.349995
  operator: 
    world: centralius
    x: -441.5
    y: 68.0
    z: 893.5
    yaw: 180.01909
    pitch: -10.349995
  newbie: 
    world: centralius
    x: -88.5
    y: 35.0
    z: 994.5
    yaw: -180.15004
    pitch: -0.14999965
