default:
    yaw: -0.12335205
    pitch: -0.30000967
    z: -477.70671423224593
    y: 94.0
    world: valhalla
    x: 830.5401479793965
Operator:
    yaw: 299.25003
    pitch: 8.850005
    z: 254.79091073093412
    y: 64.0
    world: valhalla
    x: 17.109090713744386
