default:
    yaw: 182.39998
    pitch: 22.049994
    z: 254.71788673254997
    y: 64.0
    world: valhalla
    x: 10.142137784950002
Operator:
    yaw: 299.25003
    pitch: 8.850005
    z: 254.79091073093412
    y: 64.0
    world: valhalla
    x: 17.109090713744386
