spawns: 
  default: 
    world: centralius
    x: 0.5
    y: 98.0
    z: 0.5
    yaw: 0.0
    pitch: 0.0
  operator: 
    world: valhalla
    x: 17.109090713744386
    y: 64.0
    z: 254.79091073093412
    yaw: 299.25003
    pitch: 8.850005
