spawns: 
  default: 
    world: centralius
    x: -440.78125
    y: 73.0
    z: 893.375
    yaw: -95.09393
    pitch: 34.04996
  operator: 
    world: valhalla
    x: 17.109090713744386
    y: 64.0
    z: 254.79091073093412
    yaw: 299.25003
    pitch: 8.850005
