spawns: 
  default: 
    world: centralius
    x: -441.47979186132244
    y: 68.0
    z: 893.4533668964626
    yaw: 83.41919
    pitch: 90.0
  operator: 
    world: valhalla
    x: 17.109090713744386
    y: 64.0
    z: 254.79091073093412
    yaw: 299.25003
    pitch: 8.850005
